183810.999998
80012.1601543
86873.857518
72745.8322851
75797.2689789
69517.1536999
71873.665275
68400.1608001
70038.424682
68007.4902791
69122.731813
67830.8608758
68640.1974359
67760.8021686
68338.4092342
67751.9522874
68150.1488692
67751.2529183
68036.2805226
67756.984684
67960.3544832
67767.2140786
67909.8728766
67775.7548668
67877.2373315
67782.6724905
67855.1255439
67788.7127819
67839.9928498
67793.3846574
67829.8509187
67796.8717735
67822.9143175
67799.5822275
67818.0969294
67801.6111187
67814.7991007
67803.096508
67812.5136683
67804.2043842
67810.9187013
67805.0182906
67809.8087648
67805.611607
67809.0336377
67806.0447655
67808.4887411
67806.3605278
67808.1067701
67806.5895895
67807.8380223
67806.756036
67807.6486676
67806.8764663
67807.5150567
67806.9637084
67807.4205475
1
67807.0267662
2
67807.3537085
3
67807.0722673
4
67807.3063619
5
67807.1051346